test_acc	0.6886363636363636
                              precision    recall  f1-score   support

              CD14+ Monocyte     0.8293    0.8718    0.8500        39
                     CD19+ B     0.8810    0.6607    0.7551       112
                       CD34+     1.0000    0.5000    0.6667         4
              CD4+ T Helper2     0.0000    0.0000    0.0000         2
             CD4+/CD25 T Reg     0.4336    0.4016    0.4170       122
  CD4+/CD45RA+/CD25- Naive T     0.4444    0.1081    0.1739        37
         CD4+/CD45RO+ Memory     0.4375    0.2295    0.3011        61
                    CD56+ NK     0.9086    0.9298    0.9191       171
            CD8+ Cytotoxic T     0.7112    0.7217    0.7164       406
CD8+/CD45RA+ Naive Cytotoxic     0.6014    0.7615    0.6721       327
                   Dendritic     0.8158    0.7949    0.8052        39

                    accuracy                         0.6886      1320
                   macro avg     0.6421    0.5436    0.5706      1320
                weighted avg     0.6846    0.6886    0.6782      1320

accuracy	0.6886363636363636
macro_f1	0.5705904037725931
weighted_f1	0.6782163257839828
confusion_matrix
[[ 34   0   0   0   0   0   0   0   0   0   5]
 [  0  74   0   0   6   3   0   0   4  24   1]
 [  0   0   2   0   0   0   1   0   0   0   1]
 [  0   1   0   0   1   0   0   0   0   0   0]
 [  0   2   0   0  49   0   9   0  33  29   0]
 [  0   1   0   0   5   4   0   0   5  22   0]
 [  0   0   0   0  15   0  14   0  25   7   0]
 [  0   0   0   0   0   0   0 159  12   0   0]
 [  0   2   0   0   8   1   4  16 293  82   0]
 [  0   4   0   0  29   1   4   0  40 249   0]
 [  7   0   0   0   0   0   0   0   0   1  31]]
macro_roc_auc	0.939023643105557
